4.999999999999999e-10
7.433807325289527e-10
1.1052298269905653e-09
1.6432131168021894e-09
2.443065940939191e-09
3.6322562975838225e-09
5.400298694461532e-09
8.028955998727923e-09
1.1937142383554189e-08
1.774768329877785e-08
2.6386571622674677e-08
3.923053788358319e-08
5.8326451978805853e-08
8.671752119563893e-08
1.2892826885901822e-07
1.916855818962134e-07
2.8499073657049155e-07
4.23713245031476e-07
6.299605249474363e-07
9.366010329994983e-07
1.3925023239970815e-06
2.0703187953224405e-06
3.078070205270512e-06 
4.576356167939073e-06
6.80395000087189e-06
1.0115850671477016e-05
1.5039856964632177e-05
2.2360679774997894e-05
3.3244997021966576e-05
4.942738047822476e-05
7.348672461377988e-05
0.0001092572303490903
0.00016243943986198265
0.00024150869959238707
0.0003590658280302072
0.0005338452365344201
0.0007937005259840992
0.0011800433568293503
0.0017544429900314548
0.0026084382302197402
0.003878125444674546
0.0057658474678026735
0.008572439828530724
0.012745173198587088
0.018949032377148105
0.028172691138478423
0.041886071551668
0.06227459710567822
0.0925874712287292
0.13765548437003194
0.20466086961524402
0.30428189434918607
0.45239459503319
0.6726028508958253
1.0
