0.05
0.23425925925925922
0.41851851851851846
0.6027777777777777
0.787037037037037
0.9712962962962962
1.1555555555555554
1.3398148148148146
1.524074074074074
1.7083333333333333
1.8925925925925924
2.0768518518518513
2.2611111111111106
2.44537037037037
2.629629629629629
2.813888888888888
2.9981481481481476
3.182407407407407
3.3666666666666663
3.550925925925925
3.7351851851851845
3.919444444444444
4.103703703703703
4.287962962962962 
4.472222222222221
4.656481481481481
4.84074074074074
5.0249999999999995
5.209259259259258
5.393518518518517
5.577777777777777
5.762037037037036
5.946296296296295
6.130555555555555
6.314814814814814
6.499074074074073
6.683333333333333
6.867592592592591
7.0518518518518505
7.23611111111111
7.420370370370369
7.6046296296296285
7.788888888888888
7.973148148148147
8.157407407407407
8.341666666666667
8.525925925925925
8.710185185185185
8.894444444444444
9.078703703703702
9.262962962962963
9.447222222222221
9.631481481481481
9.81574074074074
0.0
