4.999999999999999e-10
6.207543938399526e-10
7.70672034943214e-10
9.567961038011553e-10
1.1878707708870297e-09
1.4747520006843508e-09
1.8309175684981438e-09
2.2731002508079706e-09
2.8220739366554926e-09
3.5036295918402186e-09
4.349786927044992e-09
5.400298694461528e-09
6.704518285270311e-09
8.323718368323703e-09
1.033396950044652e-08
1.2829713946420477e-08
1.5928202607900462e-08
1.9775003509654408e-08
2.455084063363692e-08
3.048008439158913e-08
3.784129262138303e-08
4.698029732661381e-08
5.832645197880579e-08
7.24128026858774e-08
8.990113087504794e-08
1.1161304400373327e-07
1.3856857495033882e-07
1.7203410349712726e-07
2.1358185127231784e-07
2.6516374524352515e-07
3.292031198939522e-07
4.0870856627998314e-07
5.074152766366541e-07
6.299605249474363e-07
7.821015276136884e-07
9.709859193902725e-07
1.2054875516364754e-06
1.4966233887954179e-06
1.858071089036791e-06
2.306811585173148e-06
2.8639268545142756e-06
3.5555903571519467e-06
4.414296673794075e-06
5.480388111941521e-06
6.803950000871877e-06
8.447163717017144e-06
1.0487227985647626e-05
1.3019985702584175e-05
1.6164426665224998e-05
2.00682777526842e-05
2.4914943183558604e-05
3.0932120906933535e-05
3.840249992753534e-05
4.767704112891201e-05
5.9191465532120594e-05
7.348672461377988e-05
9.1234414385821e-05
0.00011326832719882664
0.00014062362358314626
0.0001745854644338671
0.00021674938829582377
0.00026909627029350896
0.0003340853843012788
0.0004147699404454555
0.0005149405259285046
0.0006393031880727513
0.0007937005259840992
0.0009853861777954231
0.0012233655989913304
0.0015188191416930293
0.0018856273113083452
0.0023410228772785457
0.0029064004743010086
0.003608321729361751
0.004479763135778962
0.005561665299794075
0.006904856343828735
0.008572439828530724
0.010642759378978104
0.013213079294164062
0.01640415405601607
0.020365901414998933
0.02528444557574382
0.03139086137390023
0.03897203024853888
0.04838411802728806
0.06006930771501991
0.07457657339804563
0.09258747122872883
0.11494815915952737
0.14270914972418178
0.1771746634648992
0.21996390164590157
0.2730871168657455
0.3390400553909927
0.42092120814339967
0.5225773788308739
0.6487844080612588
0.8054715439177592
1.0
