0.05
0.1505050505050505
0.251010101010101
0.3515151515151515
0.452020202020202
0.5525252525252525
0.6530303030303031
0.7535353535353535
0.854040404040404
0.9545454545454546
1.055050505050505
1.1555555555555554
1.256060606060606
1.3565656565656565
1.457070707070707
1.5575757575757576
1.658080808080808
1.7585858585858585
1.8590909090909091
1.9595959595959596
2.0601010101010098
2.16060606060606
2.2611111111111106
2.3616161616161615
2.462121212121212
2.5626262626262624
2.663131313131313
2.7636363636363632
2.8641414141414137
2.9646464646464645
3.065151515151515
3.1656565656565654
3.266161616161616
3.3666666666666663
3.4671717171717167
3.567676767676767
3.668181818181818
3.7686868686868684
3.869191919191919
3.9696969696969693
4.07020202020202
4.170707070707071
4.271212121212121
4.3717171717171714
4.472222222222221
4.572727272727272
4.673232323232323
4.773737373737373
4.874242424242424
4.974747474747474
5.075252525252525
5.175757575757575
5.276262626262626
5.376767676767677
5.477272727272727
5.5777777777777775
5.6782828282828275
5.778787878787878
5.879292929292929
5.979797979797979
6.08030303030303
6.18080808080808
6.281313131313131
6.381818181818181
6.482323232323232
6.582828282828283
6.683333333333333
6.783838383838384
6.8843434343434335
6.984848484848484
7.085353535353534
7.185858585858585
7.286363636363636
7.386868686868686
7.487373737373737
7.587878787878787
7.688383838383838
7.788888888888889
7.889393939393939
7.98989898989899
8.09040404040404
8.190909090909091
8.291414141414142
8.391919191919191
8.492424242424242
8.592929292929293
8.693434343434344
8.793939393939395
8.894444444444444
8.994949494949495
9.095454545454546
9.195959595959597
9.296464646464647
9.396969696969697
9.497474747474747
9.597979797979798
9.69848484848485
9.7989898989899
9.89949494949495
0.0
