113 32 
200.0 225.0 250.0 275.0 300.0 325.0 350.0 375.0 400.0 425.0 450.0 475.0 500.0 525.0 550.0 575.0 600.0 625.0 650.0 675.0 700.0 725.0 750.0 775.0 800.0 825.0 850.0 875.0 900.0 925.0 950.0 975.0 1000.0 1025.0 1050.0 1075.0 1100.0 1125.0 1150.0 1175.0 1200.0 1225.0 1250.0 1275.0 1300.0 1325.0 1350.0 1375.0 1400.0 1425.0 1450.0 1475.0 1500.0 1525.0 1550.0 1575.0 1600.0 1625.0 1650.0 1675.0 1700.0 1725.0 1750.0 1775.0 1800.0 1825.0 1850.0 1875.0 1900.0 1925.0 1950.0 1975.0 2000.0 2025.0 2050.0 2075.0 2100.0 2125.0 2150.0 2175.0 2200.0 2225.0 2250.0 2275.0 2300.0 2325.0 2350.0 2375.0 2400.0 2425.0 2450.0 2475.0 2500.0 2525.0 2550.0 2575.0 2600.0 2625.0 2650.0 2675.0 2700.0 2725.0 2750.0 2775.0 2800.0 2825.0 2850.0 2875.0 2900.0 2925.0 2950.0 2975.0 3000.0
124.09543041710634 358.69565217391306 730.7692307692307 1255.7227335590633 1732.807908920101 2094.2180424939042 2452.153110047847 2836.4707388910238 3193.4815328548557 3668.8082516799795 4300.155449469725 4779.394990190263 5288.978532068177 5952.462959606975 6478.745312344714 7099.411856294041 7936.5079365079355 8722.56398572188 9520.578923563999 10183.457711442787 10702.838827838827 11308.458982877586 12183.380239964448 13080.836147565511 14118.816803380561 15577.342047930284 16911.193381781617 18842.268842268844 22601.0101010101 26505.602240896354 29878.61811391223 40873.01587301587

3.3203334837746526e-46 2.271729982359248e-45 4.175985664190767e-45 3.0065320248315346e-46 2.4694918851974643e-47 5.175632551973682e-48 1.499233366976731e-48 4.717404479182317e-49 3.932458037572561e-49 5.933928680098435e-47 3.2412876015181585e-45 3.1938780458309484e-45 2.0131714103849432e-46 7.67656054973809e-48 1.3270176073969405e-48 1.820113743876198e-49 7.549672698309932e-48 7.019281716491304e-47 1.824043301599791e-48 1e-99 1e-99 1e-99 1e-99 1e-99 1e-99 1e-99 1e-99 1e-99 1e-99 1e-99 1e-99 1e-99
3.3027135257027133e-46 2.0550347582626515e-45 4.45275679763025e-45 4.023192124417511e-46 3.5344505411204228e-47 7.365667019546119e-48 2.1059267188139666e-48 6.49652048653733e-49 7.67066900174383e-49 9.371969635589258e-47 3.5172877943843575e-45 3.235670696881269e-45 2.514278379427922e-46 1.0441462562847583e-47 1.760526187313873e-48 2.4237019502505033e-49 9.437266416674312e-48 7.077239226809772e-47 2.2418844211067604e-48 1e-99 1e-99 1e-99 1e-99 1e-99 1e-99 1e-99 1e-99 1e-99 1e-99 1e-99 1e-99 1e-99
3.2558084072217926e-46 1.8946454029974732e-45 4.6690677379427124e-45 5.2164048978815106e-46 4.840792279687937e-47 1.014126483027935e-47 2.8744666403836054e-48 8.791222670477026e-49 1.394244799765331e-48 1.3494242377438875e-46 3.774287948578086e-45 3.265462961205294e-45 3.0713212518953602e-46 1.3762189897779078e-47 2.2787807747923948e-48 3.1698776148239352e-49 1.1305844921665764e-47 7.121629899496874e-47 2.708145301001692e-48 1e-99 1e-99 1e-99 1e-99 1e-99 1e-99 1e-99 1e-99 1e-99 1e-99 1e-99 1e-99 1e-99
3.187998089276992e-46 1.769644923952507e-45 4.830838063944321e-45 6.545342239462867e-46 6.375751800075227e-47 1.3539082111962278e-47 3.81716023005418e-48 1.1685868238270659e-48 2.3420470673146324e-48 1.814424370406513e-46 4.013132247727573e-45 3.286254879279636e-45 3.665385497217387e-46 1.7602196994628079e-47 2.885035397700142e-48 4.071640839206413e-49 1.312092441375612e-47 7.147889609362416e-47 3.210986757675794e-48 1e-99 1e-99 1e-99 1e-99 1e-99 1e-99 1e-99 1e-99 1e-99 1e-99 1e-99 1e-99 1e-99
3.1440928498627017e-46 1.6756445165475906e-45 4.963148059505002e-45 8.913835267868713e-46 9.966862669081286e-47 2.558253524834554e-47 8.149548200777086e-48 2.6087594816003273e-48 5.768856132089859e-48 2.458232502017096e-46 4.2582881883748984e-45 3.312859028777352e-45 4.481492526629664e-46 2.7853659400301747e-47 4.671307508925627e-48 5.1502294011793704e-49 1.5496009006047397e-47 7.186148756343529e-47 4.0962492881380376e-48 1e-99 1e-99 1e-99 1e-99 1e-99 1e-99 1e-99 1e-99 1e-99 1e-99 1e-99 1e-99 1e-99
3.0653769987164645e-46 1.5959498778433056e-45 5.043457583018237e-45 1.078660260186968e-45 1.2179588653321102e-46 3.1590354293391825e-47 1.0126935235860673e-47 3.394760377351918e-48 8.686868256516189e-48 3.0582326010888464e-46 4.4822882818054396e-45 3.3322549516299443e-45 5.188535436938987e-46 3.2869751322557227e-47 5.576816488957906e-48 6.670818069411705e-49 1.7360970014052744e-47 7.191407302635801e-47 4.73493059597421e-48 1e-99 1e-99 1e-99 1e-99 1e-99 1e-99 1e-99 1e-99 1e-99 1e-99 1e-99 1e-99 1e-99
2.9823767559731174e-46 1.5289495862038154e-45 5.088227353644311e-45 1.2739370175298452e-45 1.462342042579984e-46 3.8381616891103113e-47 1.2335401962924853e-47 4.304818370379485e-48 1.2352846367053975e-47 3.686848752922881e-46 4.6912883609248565e-45 3.350046529897148e-45 5.9045997116605946e-46 3.8295122017871964e-47 6.549579686881155e-48 8.428581929789518e-49 1.91360435276409e-47 7.18310084552638e-47 5.3991922420178584e-48 1e-99 1e-99 1e-99 1e-99 1e-99 1e-99 1e-99 1e-99 1e-99 1e-99 1e-99 1e-99 1e-99
2.8945658053356466e-46 1.470949312247413e-45 5.103766728639833e-45 1.4729375366185338e-45 1.7283424412968361e-46 4.590506559702824e-47 1.4735402734960122e-47 5.34081904970911e-48 1.6762062405250708e-47 4.334656885207433e-46 4.884444160129014e-45 3.367650812785688e-45 6.619642614021342e-46 4.408049259475226e-47 7.582342925602205e-48 1.041175822004774e-48 2.0826055453185138e-47 7.163229700009996e-47 6.079034111687645e-48 1e-99 1e-99 1e-99 1e-99 1e-99 1e-99 1e-99 1e-99 1e-99 1e-99 1e-99 1e-99 1e-99
2.8064708460811126e-46 1.4202548221630636e-45 5.094305951248375e-45 1.6699379287848016e-45 2.0145342674934444e-46 5.40807012134626e-47 1.7353869614141635e-47 6.503348374784054e-48 2.191128562412528e-47 4.992465019410394e-46 5.063132737398288e-45 3.3838378178305784e-45 7.320706883765292e-46 5.015658695258872e-47 8.667360353844685e-48 1.2617635669762633e-48 2.242112714437694e-47 7.13292273242556e-47 6.761875902828199e-48 1e-99 1e-99 1e-99 1e-99 1e-99 1e-99 1e-99 1e-99 1e-99 1e-99 1e-99 1e-99 1e-99
2.716565100408323e-46 1.3735602774213424e-45 5.064845032932471e-45 1.8624910467271244e-45 2.3139175632902347e-46 6.28441511780721e-47 2.0132336437410984e-47 7.791406521585957e-48 2.7720514389950843e-47 5.653081145037659e-46 5.225444247989037e-45 3.4004422410144205e-45 8.003728396728514e-46 5.650268143847891e-47 9.796869510588497e-48 1.5017637051089737e-48 2.3911008667534953e-47 7.093487005006215e-47 7.439137528397904e-48 1e-99 1e-99 1e-99 1e-99 1e-99 1e-99 1e-99 1e-99 1e-99 1e-99 1e-99 1e-99 1e-99
2.627470145067099e-46 1.3315601213603678e-45 5.0186145184528854e-45 2.0474914393688772e-45 2.625726429353401e-46 7.213760164634069e-47 2.3070803268208813e-47 9.203349184097369e-48 3.4154542718717774e-47 6.30869725000751e-46 5.373288576252184e-45 3.415837839015567e-45 8.659771277770589e-46 6.303805342300838e-47 1.096763284826598e-47 1.7597638115709188e-48 2.529594825127189e-47 7.047051245095432e-47 8.103399114821793e-48 1e-99 1e-99 1e-99 1e-99 1e-99 1e-99 1e-99 1e-99 1e-99 1e-99 1e-99 1e-99 1e-99
2.4833749564128066e-46 1.3282544025548004e-45 5.147383994888908e-45 2.569215637947119e-45 4.1784516332118086e-46 1.0221264935861904e-46 3.069773766304868e-47 1.881881896526083e-47 8.884433341382456e-47 7.512697533882124e-46 5.758444364458571e-45 3.5538379260041245e-45 9.621835593246247e-46 7.294487664598206e-47 1.2260175133178866e-47 3.038411816434181e-48 2.92260942628734e-47 7.118615463920602e-47 1.0031023460626745e-47 1e-99 1e-99 1e-99 1e-99 1e-99 1e-99 1e-99 1e-99 1e-99 1e-99 1e-99 1e-99 1e-99
2.425469230424899e-46 1.2965599835736656e-45 5.09492279826956e-45 2.8022158451089732e-45 4.867835456110823e-46 1.1981266901503935e-46 3.608467100505932e-47 2.343292567650704e-47 1.0814435597789027e-46 8.28512166921562e-46 5.939288717372781e-45 3.58804676667309e-45 1.0350857097665623e-45 8.215633708215077e-47 1.3790176504648144e-47 3.635646892232498e-48 3.0851031713533204e-47 7.096615461993182e-47 1.0976825298029413e-47 1e-99 1e-99 1e-99 1e-99 1e-99 1e-99 1e-99 1e-99 1e-99 1e-99 1e-99 1e-99 1e-99
2.3684689442752764e-46 1.2678654680790358e-45 5.034922794949848e-45 3.027769358455511e-45 5.613602237902173e-46 1.3911268484636443e-46 4.2093139235238927e-47 2.8757631390875714e-47 1.2919245855720236e-46 9.064545758185387e-46 6.113444430755843e-45 3.62483796817783e-45 1.107107103156262e-45 9.197243745516788e-47 1.5412719004184603e-47 4.291646973686786e-48 3.2431035581861917e-47 7.072179636781056e-47 1.193102829347225e-47 1e-99 1e-99 1e-99 1e-99 1e-99 1e-99 1e-99 1e-99 1e-99 1e-99 1e-99 1e-99 1e-99
2.313374167066949e-46 1.2415597513296433e-45 4.9706921470218625e-45 3.248492901699787e-45 6.412369080036934e-46 1.6029084563557249e-46 4.874160761825398e-47 3.4821737996622014e-47 1.5189248165805935e-46 9.847969812151275e-46 6.280288790105435e-45 3.6638379906479783e-45 1.178085729383427e-45 1.024146219070227e-46 1.7152720562727236e-47 5.007470267157372e-48 3.3951038963481026e-47 7.046871958766492e-47 1.2891030193801263e-47 1e-99 1e-99 1e-99 1e-99 1e-99 1e-99 1e-99 1e-99 1e-99 1e-99 1e-99 1e-99 1e-99
2.2575627730215785e-46 1.215865292589395e-45 4.90423075113397e-45 3.4587697700596665e-45 7.260561667986082e-46 1.8316900674696945e-46 5.603700742851052e-47 4.163114549255276e-47 1.759405890654458e-46 1.0636162117119773e-45 6.441444485511017e-45 3.704838013760147e-45 1.2461071294702071e-45 1.1331464059566254e-46 1.897526327136089e-47 5.769058756674862e-48 3.5435972144225027e-47 7.020307885215085e-47 1.3845232908294503e-47 1e-99 1e-99 1e-99 1e-99 1e-99 1e-99 1e-99 1e-99 1e-99 1e-99 1e-99 1e-99 1e-99
2.2054680448763712e-46 1.1925595263457252e-45 4.833461465020007e-45 3.661493183062366e-45 8.150328654908052e-46 2.0774716892559713e-46 6.398547642295175e-47 4.91758537997132e-47 2.0128869647488992e-46 1.1424241439118425e-45 6.596444509490322e-45 3.7478380374563454e-45 1.3131071401689185e-45 1.2476827105767222e-46 2.090526493047417e-47 6.589882093600525e-48 3.686104465941425e-47 6.993435996697188e-47 1.4791033227885391e-47 1e-99 1e-99 1e-99 1e-99 1e-99 1e-99 1e-99 1e-99 1e-99 1e-99 1e-99 1e-99 1e-99
2.153562108746381e-46 1.1698651243236303e-45 4.7610000000000077e-45 3.852493292797507e-45 9.078095687824914e-46 2.3392533246791786e-46 7.259241122109973e-47 5.743466273561304e-47 2.278368045528172e-46 1.221424183478684e-45 6.744600165948704e-45 3.791233523959848e-45 1.3781071495563974e-45 1.3666829275464553e-46 2.2927807872291116e-47 7.45929381132572e-48 3.8251047074287596e-47 6.964999999999996e-47 1.5731034458052983e-47 1e-99 1e-99 1e-99 1e-99 1e-99 1e-99 1e-99 1e-99 1e-99 1e-99 1e-99 1e-99 1e-99
2.1033730169529532e-46 1.1478650390737072e-45 4.6887692118379863e-45 4.033770182335789e-45 1.0037671294628837e-45 2.6162535722248178e-46 8.183781191146834e-47 6.640877245305174e-47 2.552368333688502e-46 1.2994242178201475e-45 6.887444551592363e-45 3.837233542482257e-45 1.4411071578486393e-45 1.4906831167715368e-46 2.503780957839472e-47 8.37111711631953e-48 3.958597839280373e-47 6.935999999999954e-47 1.6675238282397516e-47 1e-99 1e-99 1e-99 1e-99 1e-99 1e-99 1e-99 1e-99 1e-99 1e-99 1e-99 1e-99 1e-99
2.055372721285958e-46 1.1271705273458079e-45 4.6137692115302e-45 4.205216607503615e-45 1.101767239137537e-45 2.908035240248555e-46 9.171321282072276e-47 7.605288299878506e-47 2.8333685713272003e-46 1.3784242486367754e-45 7.023444570071741e-45 3.883233560565748e-45 1.5021071652162452e-45 1.617755516618963e-46 2.7240352734927566e-47 9.323528847627478e-48 4.087090834959816e-47 6.907000000000037e-47 1.7591036504879793e-47 1e-99 1e-99 1e-99 1e-99 1e-99 1e-99 1e-99 1e-99 1e-99 1e-99 1e-99 1e-99 1e-99
2.0083724181754727e-46 1.1071704660997345e-45 4.5395383833178e-45 4.364770370434528e-45 1.2019588442018337e-45 3.21259831755566e-46 1.021693525845999e-46 8.632169376387674e-47 3.12136877048947e-46 1.4562321543500858e-45 7.153444587078728e-45 3.928233577846148e-45 1.5610857642493953e-45 1.7477557968034768e-46 2.953035446095899e-47 1.0314117388806672e-47 4.2120909656332765e-47 6.876999999999953e-47 1.8479443044317036e-47 1e-99 1e-99 1e-99 1e-99 1e-99 1e-99 1e-99 1e-99 1e-99 1e-99 1e-99 1e-99 1e-99
1.9613721006371302e-46 1.0878647890192908e-45 4.4653075133705994e-45 4.514770446600078e-45 1.302958968898854e-45 3.529598606640809e-46 1.1325401540081996e-46 9.718110631449838e-47 3.414849923461279e-46 1.5330399930309165e-45 7.27844460285814e-45 3.976233595847399e-45 1.618085768029516e-45 1.8812198630475147e-46 3.1885439029812965e-47 1.1328232850184885e-47 4.3315838105802634e-47 6.84600000000001e-47 1.9349444496333156e-47 1e-99 1e-99 1e-99 1e-99 1e-99 1e-99 1e-99 1e-99 1e-99 1e-99 1e-99 1e-99 1e-99
1.9162774433702364e-46 1.0691703434102596e-45 4.3900765994873663e-45 4.654216754453709e-45 1.4057674821765688e-45 3.858161708618202e-46 1.2493867282989e-46 1.0858811203151183e-46 3.710850110054397e-46 1.6092322354732318e-45 7.395600235423978e-45 4.02123361233311e-45 1.6731071830112935e-45 2.01729237842741e-46 3.432544114154375e-47 1.2374117584253787e-47 4.447598425901203e-47 6.813999999999971e-47 2.0205242876417414e-47 1e-99 1e-99 1e-99 1e-99 1e-99 1e-99 1e-99 1e-99 1e-99 1e-99 1e-99 1e-99 1e-99
1.872277142600139e-46 1.0501702787309187e-45 4.315845639495503e-45 4.781493701584273e-45 1.506959169855734e-45 4.195943417906411e-46 1.3705402436782085e-46 1.2048813015498686e-46 4.00885027007486e-46 1.6852322702886106e-45 7.506600246066878e-45 4.0672336288080855e-45 1.7260857745082536e-45 2.1542926293336113e-46 3.683798449756254e-47 1.3444117662139468e-47 4.558583984423516e-47 6.781999999999973e-47 2.1035243732774436e-47 1e-99 1e-99 1e-99 1e-99 1e-99 1e-99 1e-99 1e-99 1e-99 1e-99 1e-99 1e-99 1e-99
1.8292768347842562e-46 1.0321702152559086e-45 4.2413075039178104e-45 4.8989398633460577e-45 1.6079592505010823e-45 4.540506507211879e-46 1.4966936065253863e-46 1.328881455870393e-46 4.307850408382695e-46 1.7582323008931152e-45 7.611600255848563e-45 4.1132336449144983e-45 1.777085777294304e-45 2.2928289709823025e-46 3.9400527865373636e-47 1.4524117729116785e-47 4.665584060500824e-47 6.74956396750525e-47 2.18410398737301e-47 1e-99 1e-99 1e-99 1e-99 1e-99 1e-99 1e-99 1e-99 1e-99 1e-99 1e-99 1e-99 1e-99
1.7881822189603877e-46 1.0151701532372618e-45 4.167076582164598e-45 5.005939884749034e-45 1.7091509144193203e-45 4.892506853909794e-46 1.6283869220493827e-46 1.4568815876177208e-46 4.606812619022805e-46 1.8322323294255812e-45 7.710755859143669e-45 4.15723365998702e-45 1.8260857798247274e-45 2.432829223803218e-46 4.20205300240053e-47 1.5634117788312504e-47 4.768584130509039e-47 6.716563967415777e-47 2.2615245189276815e-47 1e-99 1e-99 1e-99 1e-99 1e-99 1e-99 1e-99 1e-99 1e-99 1e-99 1e-99 1e-99 1e-99
1.7471819234866313e-46 9.975923195128438e-46 4.0940765760837435e-45 5.102939903376299e-45 1.807342537144419e-45 5.249288578439032e-46 1.7640800145520345e-46 1.5868816996711589e-46 4.904331734102133e-46 1.9038480429072326e-45 7.803444663608665e-45 4.2012336747437e-45 1.8730857821276344e-45 2.5733655722128744e-46 4.469561469384392e-47 1.6738234231947546e-47 4.866076796866889e-47 6.683563967325391e-47 2.335944979124788e-47 1e-99 1e-99 1e-99 1e-99 1e-99 1e-99 1e-99 1e-99 1e-99 1e-99 1e-99 1e-99 1e-99
1.8463712560045958e-46 1.0201701716929353e-45 4.084076575233841e-45 5.32593994362792e-45 2.346151357072908e-45 8.468542638997677e-46 3.2409272484560527e-46 2.6148821933763865e-46 5.670332012589819e-46 2.0882324125216645e-45 8.261755895514088e-45 4.444233750976947e-45 2.093085791533787e-45 3.907903594668775e-46 9.042106462959557e-47 2.739588099494755e-47 4.39607652228366e-47 6.183127891900626e-47 2.441945090039104e-47 1e-99 1e-99 1e-99 1e-99 1e-99 1e-99 1e-99 1e-99 1e-99 1e-99 1e-99 1e-99 1e-99
1.8101823720268204e-46 1.0061701195540788e-45 4.0228456020165275e-45 5.4246629339350105e-45 2.491959677576155e-45 9.207106095295507e-46 3.562927337213602e-46 2.8708822613378884e-46 6.049813265271944e-46 2.1768482271150573e-45 8.389444722433005e-45 4.5122337708390774e-45 2.1510857936935076e-45 4.1599764740478595e-46 9.736361103939564e-47 2.9595881027812796e-47 4.492569175370482e-47 6.166563965782985e-47 2.526945172259141e-47 1e-99 1e-99 1e-99 1e-99 1e-99 1e-99 1e-99 1e-99 1e-99 1e-99 1e-99 1e-99 1e-99
1.7752764272558196e-46 9.9218395530781e-46 3.9636145780275175e-45 5.5163858782483805e-45 2.6371514881971118e-45 9.973451023553067e-46 3.905080741601755e-46 3.1378823204061233e-46 6.43329451365938e-46 2.2638482764733874e-45 8.512444733751079e-45 4.5796291194151923e-45 2.208085795705587e-45 4.417440431778704e-46 1.0457632469136991e-46 3.1885881057205297e-47 4.588061748815261e-47 6.150127891473796e-47 2.609524777537328e-47 1e-99 1e-99 1e-99 1e-99 1e-99 1e-99 1e-99 1e-99 1e-99 1e-99 1e-99 1e-99 1e-99
1.742087558765191e-46 9.788839144729177e-46 3.903845585187501e-45 5.59938588497562e-45 2.7813432719308907e-45 1.0763451589418917e-45 4.265620777238098e-46 3.416882372266568e-46 6.821294647195405e-46 2.3510404336774112e-45 8.631755917330054e-45 4.646233808277061e-45 2.265085797616478e-45 4.679440658729812e-46 1.1207633014750805e-46 3.4257641128968225e-47 4.682061783814462e-47 6.134563965678994e-47 2.6899453153957926e-47 1e-99 1e-99 1e-99 1e-99 1e-99 1e-99 1e-99 1e-99 1e-99 1e-99 1e-99 1e-99 1e-99
1.709181637066064e-46 9.659449716637438e-46 3.845614553264099e-45 5.675662963321879e-45 2.9251515923041556e-45 1.1581266507296088e-45 4.641774224988241e-46 3.705882417752603e-46 7.213294767520011e-46 2.4378483646104628e-45 8.747755923789442e-45 4.714233826461215e-45 2.3200857993713974e-45 4.944513637021544e-46 1.1987633509825217e-46 3.6711761554399643e-47 4.775554273285363e-47 6.121127891094937e-47 2.7689453787073386e-47 1e-99 1e-99 1e-99 1e-99 1e-99 1e-99 1e-99 1e-99 1e-99 1e-99 1e-99 1e-99 1e-99
1.6770871003833494e-46 9.531449332774386e-46 3.7876145405262897e-45 5.744385896261687e-45 3.068151636740599e-45 1.241345253876975e-45 5.036620966037973e-46 4.005352916959273e-46 7.60825715442933e-46 2.525656256661235e-45 8.861755929972702e-45 4.782233844128199e-45 2.3741072292024806e-45 5.214513892244995e-46 1.279017564536936e-46 3.923176163917477e-47 4.86855429777983e-47 6.107127890910796e-47 2.845945437034396e-47 1e-99 1e-99 1e-99 1e-99 1e-99 1e-99 1e-99 1e-99 1e-99 1e-99 1e-99 1e-99 1e-99
1.6460868691119536e-46 9.406365340383557e-46 3.731845558965596e-45 5.807831644081501e-45 3.2079598510713233e-45 1.3263452935569086e-45 5.446621044651059e-46 4.31341195675895e-46 8.005776149031874e-46 2.611656306277746e-45 8.970755935737652e-45 4.848233860801424e-45 2.4270858025579155e-45 5.486514123956121e-46 1.3627634366036054e-46 4.1843521116546037e-47 4.961061879884493e-47 6.094563965547389e-47 2.9219454915902276e-47 1e-99 1e-99 1e-99 1e-99 1e-99 1e-99 1e-99 1e-99 1e-99 1e-99 1e-99 1e-99 1e-99
1.6160866369144283e-46 9.284364998746697e-46 3.6766145150276196e-45 5.862831645537613e-45 3.345343501968121e-45 1.413126863761183e-45 5.87216108803859e-46 4.631882525267533e-46 8.404776255615775e-46 2.697656352727369e-45 9.07775594126219e-45 4.916233877511657e-45 2.48008580403457e-45 5.761050750142901e-46 1.4485091133361692e-46 4.453352139634836e-47 5.052061908924279e-47 6.082691775235824e-47 2.994945541386124e-47 1e-99 1e-99 1e-99 1e-99 1e-99 1e-99 1e-99 1e-99 1e-99 1e-99 1e-99 1e-99 1e-99
1.5870864041743092e-46 9.16405918227556e-46 3.6223834139295254e-45 5.91283164683781e-45 3.4813435462938046e-45 1.5013453610926073e-45 6.312161199066548e-46 4.956882553479193e-46 8.806776353234408e-46 2.7824642289584743e-45 9.180600375351278e-45 4.983233893530001e-45 2.5310858053971746e-45 6.038050972931453e-46 1.536017762818702e-46 4.729352165034453e-47 5.142554364796287e-47 6.071691774906328e-47 3.0669455881784545e-47 1e-99 1e-99 1e-99 1e-99 1e-99 1e-99 1e-99 1e-99 1e-99 1e-99 1e-99 1e-99 1e-99
1.55808616283568e-46 9.046669768387659e-46 3.5686144886946566e-45 5.95583164793855e-45 3.6139599189242965e-45 1.5911269719597096e-45 6.765161298273938e-46 5.29088257886108e-46 9.20873880318082e-46 2.867464281916429e-45 9.279755951344221e-45 5.0482339086638486e-45 2.5810858066808597e-45 6.316123997827368e-46 1.6260178174495382e-46 5.013352188250747e-47 5.232554385277676e-47 6.061563965437569e-47 3.1379456322186033e-47 1e-99 1e-99 1e-99 1e-99 1e-99 1e-99 1e-99 1e-99 1e-99 1e-99 1e-99 1e-99 1e-99
1.5300859212051713e-46 8.929280309082307e-46 3.5173833780383545e-45 5.99427724972667e-45 3.742959937403646e-45 1.681127017937785e-45 7.232008053061986e-46 5.631882601669082e-46 9.613220071267931e-46 2.950656473660876e-45 9.375755955983447e-45 5.113233923412774e-45 2.6310858079157356e-45 6.5961242393453054e-46 1.7190178678963697e-46 5.3035280400034915e-47 5.322554405066381e-47 6.052691774334157e-47 3.205945672569555e-47 1e-99 1e-99 1e-99 1e-99 1e-99 1e-99 1e-99 1e-99 1e-99 1e-99 1e-99 1e-99 1e-99
1.5038972101128314e-46 8.815974556976813e-46 3.465383359457823e-45 6.026277249815446e-45 3.8673436551322825e-45 1.7711270592391186e-45 7.709854809742296e-46 5.979353173630326e-46 1.0014814082130993e-45 3.0336565089363965e-45 9.466755960293893e-45 5.177838601261594e-45 2.6790858090579243e-45 6.875588017152353e-46 1.813017913630239e-46 5.600940177870352e-47 5.413046787922616e-47 6.043563965377143e-47 3.271945710130112e-47 1e-99 1e-99 1e-99 1e-99 1e-99 1e-99 1e-99 1e-99 1e-99 1e-99 1e-99 1e-99 1e-99
1.4769912495821929e-46 8.702585114657308e-46 3.41484550371374e-45 6.052554466671746e-45 3.990959969575542e-45 1.8619086417153982e-45 8.197008231702825e-46 6.3328826408415244e-46 1.0419625865233892e-45 3.1156565419395325e-45 9.554600398041502e-45 5.240233951173818e-45 2.7260858101373828e-45 7.154661096797034e-46 1.9090179556917203e-46 5.8901159982399295e-47 5.491554440472582e-47 6.028127889855302e-47 3.3259457397529634e-47 1e-99 1e-99 1e-99 1e-99 1e-99 1e-99 1e-99 1e-99 1e-99 1e-99 1e-99 1e-99 1e-99
1.4509910221875402e-46 8.591584809592191e-46 3.364845494047929e-45 6.074554466911527e-45 4.108151866907746e-45 1.9521271307609434e-45 8.695701670380856e-46 6.691882657725119e-46 1.082481417539592e-45 3.1972722996958236e-45 9.638755968219019e-45 5.303233964451594e-45 2.7720858111584928e-45 7.434661308866702e-46 2.0070179944817516e-46 6.200116048630771e-47 5.580046812796792e-47 6.019563965296061e-47 3.3889457731200834e-47 1e-99 1e-99 1e-99 1e-99 1e-99 1e-99 1e-99 1e-99 1e-99 1e-99 1e-99 1e-99 1e-99
1.425802327739917e-46 8.481889936089246e-46 3.31638330298812e-45 6.092000000000017e-45 4.2223437376751365e-45 2.0436902416826324e-45 9.202548434214824e-46 7.054353252995583e-46 1.122481421648798e-45 3.2762723471412376e-45 9.718755971809552e-45 5.3642339770106224e-45 2.8180858121462324e-45 7.714661505540674e-46 2.107272313157169e-46 6.516116095061502e-47 5.668539131385025e-47 6.0115639652689145e-47 3.44794580326319e-47 1e-99 1e-99 1e-99 1e-99 1e-99 1e-99 1e-99 1e-99 1e-99 1e-99 1e-99 1e-99 1e-99
1.4008963784584853e-46 8.373195060318366e-46 3.2693832841068884e-45 6.104999999999955e-45 4.3329600079034114e-45 2.1341271904367225e-45 9.715395199042737e-46 7.421882687019239e-46 1.1629626363780434e-45 3.355272392349899e-45 9.796755975253907e-45 5.425233989287153e-45 2.861107247982752e-45 7.99219815166452e-46 2.2082723645787986e-46 6.8387040160341515e-47 5.756046837449452e-47 6.004563965244994e-47 3.505945831906704e-47 1e-99 1e-99 1e-99 1e-99 1e-99 1e-99 1e-99 1e-99 1e-99 1e-99 1e-99 1e-99 1e-99
1.3768019444330562e-46 8.266889334310196e-46 3.2208454645327585e-45 6.112277250049335e-45 4.438343781441304e-45 2.2236903634975138e-45 1.023693526342804e-45 7.792882699803792e-46 1.2029626506532679e-45 3.4320802562656147e-45 9.868755978384796e-45 5.483234000706629e-45 2.904107249338701e-45 8.269198339803016e-46 2.312018094174813e-46 7.165291924003861e-47 5.843046849087185e-47 5.997563965221106e-47 3.5629458591479833e-47 1e-99 1e-99 1e-99 1e-99 1e-99 1e-99 1e-99 1e-99 1e-99 1e-99 1e-99 1e-99 1e-99
1.3528017466359085e-46 8.160499904170314e-46 3.174614377426852e-45 6.11600000000003e-45 4.5409600283918933e-45 2.311908864923374e-45 1.0758468296633155e-45 8.166882711515978e-46 1.2424814323889746e-45 3.50746459816056e-45 9.937755981342585e-45 5.5408386980587714e-45 2.946107250624917e-45 8.545198515129484e-46 2.416272456943431e-46 7.499291984999987e-47 5.930539155734239e-47 5.992127889365091e-47 3.618525246212384e-47 1e-99 1e-99 1e-99 1e-99 1e-99 1e-99 1e-99 1e-99 1e-99 1e-99 1e-99 1e-99 1e-99
1.3298015504318122e-46 8.05649962193174e-46 3.1293832245013176e-45 6.11600000000003e-45 4.637960037318451e-45 2.4009088991505733e-45 1.1286935499504512e-45 8.542941419455187e-46 1.281962676229823e-45 3.582272511145537e-45 9.999378097067319e-45 5.596234022274761e-45 2.987107251845659e-45 8.818735168598713e-46 2.5212724977851662e-46 7.836879891374307e-47 6.018031413778582e-47 5.9865639651834665e-47 3.670945908443524e-47 1e-99 1e-99 1e-99 1e-99 1e-99 1e-99 1e-99 1e-99 1e-99 1e-99 1e-99 1e-99 1e-99
1.3068013473747727e-46 7.952804761333117e-46 3.0843832041923246e-45 6.112722717167136e-45 4.730151956222742e-45 2.4871272812688628e-45 1.181693560272165e-45 8.92035334534005e-46 1.3209626877283565e-45 3.6550803943383095e-45 1.0068444853042948e-44 5.651443375351595e-45 3.0270858162565e-45 9.08919882952097e-46 2.627526826518641e-46 8.180292093933102e-47 6.10603141856701e-47 5.9825639651696845e-47 3.723945931589161e-47 1e-99 1e-99 1e-99 1e-99 1e-99 1e-99 1e-99 1e-99 1e-99 1e-99 1e-99 1e-99 1e-99
1.2838011370994083e-46 7.850804483895462e-46 3.0403831837528375e-45 6.104999999999955e-45 4.8179600529314845e-45 2.5726905510756174e-45 1.2356935698773194e-45 9.299412096113578e-46 1.3599626985674481e-45 3.726080434826182e-45 1.0119999999999932e-44 5.704234042089845e-45 3.066085816961446e-45 9.357271988796234e-46 2.7347811144586656e-46 8.527880016635877e-47 6.193031423167208e-47 5.979563965159437e-47 3.773945952828887e-47 1e-99 1e-99 1e-99 1e-99 1e-99 1e-99 1e-99 1e-99 1e-99 1e-99 1e-99 1e-99 1e-99
1.2618009288509888e-46 7.74841502919385e-46 2.9963831627125364e-45 6.093999999999951e-45 4.900960059744604e-45 2.6569089848088965e-45 1.2886935785212842e-45 9.678941426300908e-46 1.3984814435956887e-45 3.795080472720566e-45 1.017844486009517e-44 5.756234051365233e-45 3.1031286858875767e-45 9.62327215077674e-46 2.8427811789582368e-46 8.880467930279404e-47 6.280031427640058e-47 5.976563965149094e-47 3.823945973513295e-47 1e-99 1e-99 1e-99 1e-99 1e-99 1e-99 1e-99 1e-99 1e-99 1e-99 1e-99 1e-99 1e-99
1.2407065636780143e-46 7.64910935683955e-46 2.95361430201038e-45 6.079722717078028e-45 4.980768115135618e-45 2.7389090088580314e-45 1.3416935864818674e-45 1.0060000000000083e-45 1.4374814460173203e-45 3.863080508739788e-45 1.0228444863250474e-44 5.805629317830204e-45 3.1401072561199925e-45 9.8852723017991e-46 2.9522726350107672e-46 9.236055835865347e-47 6.367539191888799e-47 5.97499999999999e-47 3.8719459928677584e-47 1e-99 1e-99 1e-99 1e-99 1e-99 1e-99 1e-99 1e-99 1e-99 1e-99 1e-99 1e-99 1e-99
1.2196121657618664e-46 7.549414507815813e-46 2.911383120264105e-45 6.062722717031907e-45 5.0541519940431504e-45 2.820690656134736e-45 1.3948468434558753e-45 1.0439999999999957e-45 1.474481448196357e-45 3.929272666187641e-45 1.0268444865752723e-44 5.854234068397792e-45 3.17512868864406e-45 1.0140735903834266e-45 3.0607812952954523e-46 9.596055906727645e-47 6.455031436271924e-47 5.974127889117775e-47 3.9189460113597785e-47 1e-99 1e-99 1e-99 1e-99 1e-99 1e-99 1e-99 1e-99 1e-99 1e-99 1e-99 1e-99 1e-99
1.1986119892557564e-46 7.450719654420517e-46 2.8703830988893457e-45 6.043168051436498e-45 5.1251520016924825e-45 2.899472260541177e-45 1.448540266648767e-45 1.0810000000000017e-45 1.5119627354756388e-45 3.993080574182265e-45 1.0309999999999983e-44 5.900838782291802e-45 3.210085819416225e-45 1.0400736026438064e-45 3.169781347467603e-46 9.960231628150994e-47 6.542523637614248e-47 5.974127889117775e-47 3.9659460294134965e-47 1e-99 1e-99 1e-99 1e-99 1e-99 1e-99 1e-99 1e-99 1e-99 1e-99 1e-99 1e-99 1e-99
1.1786118153520056e-46 7.353024796151944e-46 2.828383076350179e-45 6.019722716913832e-45 5.190152008512044e-45 2.9756907128973126e-45 1.5015402808939672e-45 1.118999999999994e-45 1.5494814522940443e-45 4.055272715912939e-45 1.0348444870698919e-44 5.94483879188716e-45 3.2431072587705527e-45 1.0650736138680539e-45 3.2800356508184578e-46 1.0325880263996188e-46 6.631031444493616e-47 5.975563965145637e-47 4.011946046673622e-47 1e-99 1e-99 1e-99 1e-99 1e-99 1e-99 1e-99 1e-99 1e-99 1e-99 1e-99 1e-99 1e-99
1.1576116263364866e-46 7.256024546082081e-46 2.788383054252429e-45 5.994722716844433e-45 5.252768128034893e-45 3.0506907382907986e-45 1.5528468481882092e-45 1.1559999999999917e-45 1.5854814541232358e-45 4.116272738891643e-45 1.0388444873143617e-44 5.98783880112821e-45 3.2760858204692686e-45 1.0900736245774332e-45 3.389781442555912e-46 1.0695880304580244e-46 6.719031448442973e-47 5.978127889172939e-47 4.055946062816992e-47 1e-99 1e-99 1e-99 1e-99 1e-99 1e-99 1e-99 1e-99 1e-99 1e-99 1e-99 1e-99 1e-99
1.1385172545833298e-46 7.161024294592863e-46 2.7483830315109003e-45 5.967445399950396e-45 5.3089600901393924e-45 3.122690761520181e-45 1.605540306111115e-45 1.1930000000000018e-45 1.6214814558711836e-45 4.1750806589482635e-45 1.0418444874964685e-44 6.029838810027046e-45 3.307085820949338e-45 1.1140736344062088e-45 3.4997814856200218e-46 1.1065880342449894e-46 6.80803145233334e-47 5.981999999999993e-47 4.101525388964385e-47 1e-99 1e-99 1e-99 1e-99 1e-99 1e-99 1e-99 1e-99 1e-99 1e-99 1e-99 1e-99 1e-99
1.118611256631768e-46 7.06602403633252e-46 2.709383008690792e-45 5.938168048797153e-45 5.361768132836864e-45 3.1929091196427195e-45 1.65654031731916e-45 1.2300000000000054e-45 1.6564439203556787e-45 4.230888549944964e-45 1.0439999999999957e-44 6.068443493082318e-45 3.337085821405525e-45 1.1380736438204073e-45 3.6087815257046786e-46 1.1441758639098712e-46 6.89752364646219e-47 5.9865639651834665e-47 4.1459460947706025e-47 1e-99 1e-99 1e-99 1e-99 1e-99 1e-99 1e-99 1e-99 1e-99 1e-99 1e-99 1e-99 1e-99
1.0995169155878169e-46 6.972023773853829e-46 2.6703829852035003e-45 5.906168047974194e-45 5.409152030282749e-45 3.2609091335782746e-45 1.706540327656552e-45 1.2669999999999926e-45 1.6914439343888142e-45 4.285272799134102e-45 1.0468444877976799e-44 6.105838825818551e-45 3.3651072617003397e-45 1.1610736524771111e-45 3.718781563776167e-46 1.1821758775256672e-46 6.987523648562438e-47 5.993563965207406e-47 4.1909461102327653e-47 1e-99 1e-99 1e-99 1e-99 1e-99 1e-99 1e-99 1e-99 1e-99 1e-99 1e-99 1e-99 1e-99
1.0805167416411624e-46 6.878328947830801e-46 2.631845310160922e-45 5.871168047063652e-45 5.4531520344459395e-45 3.325909146366011e-45 1.7565403374049828e-45 1.3030000000000028e-45 1.7254814605111602e-45 4.338080728821772e-45 1.0488444879173312e-44 6.141234115151154e-45 3.393107262343075e-45 1.1840736607974681e-45 3.827035915119714e-46 1.2201758902932362e-46 7.077523650609206e-47 6.001000000000037e-47 4.2349461250336595e-47 1e-99 1e-99 1e-99 1e-99 1e-99 1e-99 1e-99 1e-99 1e-99 1e-99 1e-99 1e-99 1e-99
1.0625165711571445e-46 6.787328694382573e-46 2.5943829374025587e-45 5.835168046115787e-45 5.493768138397111e-45 3.389909158477658e-45 1.8045403462548623e-45 1.3380000000000089e-45 1.759443960057191e-45 4.388080749214022e-45 1.0498444879770146e-44 6.174838839818745e-45 3.420085822625828e-45 1.206610193818268e-45 3.935035958623112e-46 1.2581759022894338e-46 7.16801580327886e-47 6.010999999999995e-47 4.2789461395303135e-47 1e-99 1e-99 1e-99 1e-99 1e-99 1e-99 1e-99 1e-99 1e-99 1e-99 1e-99 1e-99 1e-99
1.044422229375741e-46 6.6946338702240875e-46 2.557614134247366e-45 5.798168045129346e-45 5.5307681399080137e-45 3.450909169603219e-45 1.8535403548159795e-45 1.3730000000000096e-45 1.7919627870743653e-45 4.436272849074367e-45 1.0509999999999967e-44 6.206838846205883e-45 3.4450858229819384e-45 1.2286102104259753e-45 4.043035999803824e-46 1.2961759135821223e-46 7.260523654614656e-47 6.021999999999977e-47 4.324525444114366e-47 1e-99 1e-99 1e-99 1e-99 1e-99 1e-99 1e-99 1e-99 1e-99 1e-99 1e-99 1e-99 1e-99
1.026422068830354e-46 6.604633620467915e-46 2.5198452726347868e-45 5.758890655806115e-45 5.562768141198627e-45 3.508909179822589e-45 1.9005403626125675e-45 1.4069999999999908e-45 1.8244439828045388e-45 4.484080787091087e-45 1.0519999999999942e-44 6.236234129678884e-45 3.470085823332806e-45 1.2500736829733095e-45 4.150290337862022e-46 1.3341759242314141e-46 7.352507919511191e-47 6.035999999999954e-47 4.3701046849949895e-47 1e-99 1e-99 1e-99 1e-99 1e-99 1e-99 1e-99 1e-99 1e-99 1e-99 1e-99 1e-99 1e-99
1.0093277065442566e-46 6.514633363801483e-46 2.483845259853565e-45 5.717445397013189e-45 5.59157614837144e-45 3.564690883547438e-45 1.9456936465543912e-45 1.4420000000000028e-45 1.8554814655796844e-45 4.5280808039142187e-45 1.0528444881553117e-44 6.264234133876626e-45 3.492128699429663e-45 1.270610240534415e-45 4.256544648500733e-46 1.3731759345479973e-46 7.446507919725726e-47 6.051000000000018e-47 4.415946182817592e-47 1e-99 1e-99 1e-99 1e-99 1e-99 1e-99 1e-99 1e-99 1e-99 1e-99 1e-99 1e-99 1e-99
9.91602912086105e-47 6.425938557643411e-46 2.4493828379663433e-45 5.675890651733703e-45 5.615768143303672e-45 3.616909197978041e-45 1.991540376661334e-45 1.4749999999999893e-45 1.886444003041369e-45 4.57088871513141e-45 1.0528444881553117e-44 6.289838862469719e-45 3.514107265002827e-45 1.291073695607419e-45 4.3615447020987706e-46 1.411175944051468e-46 7.540507919935027e-47 6.068000000000025e-47 4.464525475922932e-47 1e-99 1e-99 1e-99 1e-99 1e-99 1e-99 1e-99 1e-99 1e-99 1e-99 1e-99 1e-99 1e-99
9.745839194457783e-47 6.337243741675219e-46 2.413614059581845e-45 5.632168040544099e-45 5.637384127109604e-45 3.6686909079839874e-45 2.0345403828622218e-45 1.508999999999988e-45 1.916481467720975e-45 4.6108887329618837e-45 1.0528444881553117e-44 6.314234141280058e-45 3.537085824248865e-45 1.3110737014836435e-45 4.467036142233184e-46 1.449588060147629e-46 7.636507920143359e-47 6.087563965524153e-47 4.512525486374411e-47 1e-99 1e-99 1e-99 1e-99 1e-99 1e-99 1e-99 1e-99 1e-99 1e-99 1e-99 1e-99 1e-99
1.0595165421844942e-46 6.788939519391419e-46 2.5598452864142216e-45 6.117890672147712e-45 6.440576164828438e-45 4.65847280533657e-45 2.8043871896658444e-45 1.9560000000000028e-45 2.3344441173237963e-45 5.549889077637253e-45 1.175844494682658e-44 6.968838980969025e-45 3.894085828598728e-45 1.486610368502174e-45 5.204799359264848e-46 1.5987637491670203e-46 8.824523682069877e-47 7.129000000000004e-47 4.819946296142382e-47 1e-99 1e-99 1e-99 1e-99 1e-99 1e-99 1e-99 1e-99 1e-99 1e-99 1e-99 1e-99 1e-99
1.0474222556009372e-46 6.728939367592184e-46 2.534614122891418e-45 6.095613256764956e-45 6.494576165729629e-45 4.7499093386601965e-45 2.887387200312688e-45 2.0160000000000032e-45 2.389444128400605e-45 5.636697038787248e-45 1.1818444949663034e-44 7.0280483976215e-45 3.934085829036916e-45 1.516073752775379e-45 5.359799422986927e-46 1.6527637714528518e-46 8.967015817269817e-47 7.13099999999997e-47 4.763946281581321e-47 1e-99 1e-99 1e-99 1e-99 1e-99 1e-99 1e-99 1e-99 1e-99 1e-99 1e-99 1e-99 1e-99
1.034516294264923e-46 6.669939215656323e-46 2.5088452687683546e-45 6.072613255207768e-45 6.545576166567196e-45 4.8406911107407406e-45 2.970387210364154e-45 2.0760582821927754e-45 2.444962861490732e-45 5.721504980812101e-45 1.18684449520047e-44 7.084838998941298e-45 3.974107273637299e-45 1.546073759140492e-45 5.513799482752062e-46 1.7075880727733435e-46 9.114507922797073e-47 7.166435997121605e-47 4.806525545835549e-47 1e-99 1e-99 1e-99 1e-99 1e-99 1e-99 1e-99 1e-99 1e-99 1e-99 1e-99 1e-99 1e-99
1.0225161709933388e-46 6.611633640137532e-46 2.483845259853565e-45 6.048613253570273e-45 6.593384135090583e-45 4.928909354967742e-45 3.0523872197573775e-45 2.1355292027748546e-45 2.5004441492715775e-45 5.80469709618113e-45 1.191999999999998e-44 7.140839007408662e-45 4.0130858298768336e-45 1.5736104101192483e-45 5.669053842693226e-46 1.7621760124530082e-46 9.262015819045436e-47 7.233999999999976e-47 4.943946327211027e-47 1e-99 1e-99 1e-99 1e-99 1e-99 1e-99 1e-99 1e-99 1e-99 1e-99 1e-99 1e-99 1e-99
1.0105160448187324e-46 6.552938906256819e-46 2.4588452507573764e-45 6.023335802336941e-45 6.638384135409527e-45 5.014909362388446e-45 3.1343872286588755e-45 2.195999999999985e-45 2.5544441587691736e-45 5.887697123326615e-45 1.1978444957087443e-44 7.19583901559638e-45 4.0520858302793285e-45 1.6026104229874064e-45 5.824053906767223e-46 1.817763831342816e-46 9.411015819899958e-47 7.271000000000027e-47 4.983946336903458e-47 1e-99 1e-99 1e-99 1e-99 1e-99 1e-99 1e-99 1e-99 1e-99 1e-99 1e-99 1e-99 1e-99
9.987841445743938e-47 6.495244158855932e-46 2.4356140715609575e-45 5.996890666858453e-45 6.680192079464766e-45 5.097909369312847e-45 3.214387236905303e-45 2.254999999999992e-45 2.609444168038606e-45 5.968505075708691e-45 1.202000000000004e-44 7.249443753000943e-45 4.089128715206075e-45 1.6316104353980957e-45 5.979308258849887e-46 1.8747638495817103e-46 9.559523691869253e-47 7.308999999999997e-47 5.024946346678108e-47 1e-99 1e-99 1e-99 1e-99 1e-99 1e-99 1e-99 1e-99 1e-99 1e-99 1e-99 1e-99 1e-99
9.872405245369816e-47 6.437854748174598e-46 2.41061405793134e-45 5.970335797017739e-45 6.719384135973028e-45 5.178909375856306e-45 3.295233957540675e-45 2.3150000000000053e-45 2.6639628782789217e-45 6.048505104781329e-45 1.2068444961177377e-44 7.301443762512311e-45 4.127107276083024e-45 1.6596104469692243e-45 6.13430832653738e-46 1.9303515706973957e-46 9.709000000000059e-47 7.3134359974664205e-47 4.965525575059746e-47 1e-99 1e-99 1e-99 1e-99 1e-99 1e-99 1e-99 1e-99 1e-99 1e-99 1e-99 1e-99 1e-99
9.75702759206021e-47 6.380854615651749e-46 2.3868452234949005e-45 5.942613246179793e-45 6.755384136219145e-45 5.257691161069888e-45 3.374080647395814e-45 2.3735292086242975e-45 2.719444185452681e-45 6.125697197083118e-45 1.211844496342335e-44 7.352839038294776e-45 4.164085831393423e-45 1.6876104581563527e-45 6.289308390890731e-46 1.987763882646637e-46 9.861015822323784e-47 7.352435997555637e-47 5.003946341691593e-47 1e-99 1e-99 1e-99 1e-99 1e-99 1e-99 1e-99 1e-99 1e-99 1e-99 1e-99 1e-99 1e-99
9.682932731151464e-47 6.355854556776874e-46 2.3776140395009847e-45 5.948335794781989e-45 6.840384136789996e-45 5.396909392491034e-45 3.522387265155071e-45 2.5059999999999965e-45 2.841444203189537e-45 6.257697235569431e-45 1.2198444966978352e-44 7.438048491372837e-45 4.231085832031811e-45 1.7356104764944738e-45 6.619308517868863e-46 2.156763925630846e-46 1.0519999999999942e-46 7.618435998139444e-47 5.083946360467361e-47 1e-99 1e-99 1e-99 1e-99 1e-99 1e-99 1e-99 1e-99 1e-99 1e-99 1e-99 1e-99 1e-99
9.5706492173944e-47 6.299549047626989e-46 2.3536140257721783e-45 5.917613244398124e-45 6.871192079787599e-45 5.470691183815862e-45 3.599233999141527e-45 2.565058327952309e-45 2.8954442105630795e-45 6.333697256999938e-45 1.2238444968738666e-44 7.486048501676881e-45 4.2651287190149337e-45 1.7636104867306708e-45 6.7735628826846174e-46 2.216351700298258e-46 1.0679999999999974e-46 7.661435998230061e-47 5.121946369180384e-47 1e-99 1e-99 1e-99 1e-99 1e-99 1e-99 1e-99 1e-99 1e-99 1e-99 1e-99 1e-99 1e-99
9.458648127919267e-47 6.243854287222942e-46 2.3313827479074816e-45 5.887335788495209e-45 6.899192079833495e-45 5.542691191109145e-45 3.67438727735024e-45 2.6230583322479547e-45 2.949444217666664e-45 6.408313151323378e-45 1.2278444970487277e-44 7.533839063288922e-45 4.300107278638866e-45 1.7896104959489093e-45 6.928054280251624e-46 2.2753517229794384e-46 1.083999999999995e-46 7.704435998319572e-47 5.158946377540824e-47 1e-99 1e-99 1e-99 1e-99 1e-99 1e-99 1e-99 1e-99 1e-99 1e-99 1e-99 1e-99 1e-99
9.348552910126266e-47 6.1868541462872315e-46 2.307845191623175e-45 5.856613239987137e-45 6.924192079874035e-45 5.610691197825213e-45 3.749080716695809e-45 2.6815292146527623e-45 3.003444224514819e-45 6.480697297023692e-45 1.2310000000000058e-44 7.57983906945071e-45 4.335085832983515e-45 1.816073806962905e-45 7.08256300234459e-46 2.3353517448694706e-46 1.1009999999999946e-46 7.780435998475409e-47 5.290946406414766e-47 1e-99 1e-99 1e-99 1e-99 1e-99 1e-99 1e-99 1e-99 1e-99 1e-99 1e-99 1e-99 1e-99
9.240269447764557e-47 6.131548604001819e-46 2.28584518235505e-45 5.824613237636241e-45 6.947384137488612e-45 5.676909411981812e-45 3.82138728822098e-45 2.7395292156363202e-45 3.055962902320998e-45 6.551505271295759e-45 1.2348444973520052e-44 7.623839075274989e-45 4.366128721062113e-45 1.8426105139341755e-45 7.234563057457999e-46 2.394939453935862e-46 1.1170000000000074e-46 7.791435998497766e-47 5.230946393470877e-47 1e-99 1e-99 1e-99 1e-99 1e-99 1e-99 1e-99 1e-99 1e-99 1e-99 1e-99 1e-99 1e-99
9.13226838261065e-47 6.076853866821869e-46 2.2636139716938826e-45 5.793335778548174e-45 6.968000000000014e-45 5.740691210221966e-45 3.8930807397568384e-45 2.79605834400226e-45 3.109962905157936e-45 6.620697333487988e-45 1.237844497480931e-44 7.666839080902413e-45 4.4000858335554843e-45 1.86761052206346e-45 7.38730876948381e-46 2.4543517851178068e-46 1.1340000000000022e-46 7.835871965793561e-47 5.265946401057302e-47 1e-99 1e-99 1e-99 1e-99 1e-99 1e-99 1e-99 1e-99 1e-99 1e-99 1e-99 1e-99 1e-99
9.026984953266833e-47 6.021853723255498e-46 2.2416139578136432e-45 5.75961323278041e-45 6.986000000000007e-45 5.801691215847301e-45 3.9623872978899236e-45 2.8530583475628545e-45 3.1614442432082756e-45 6.68850531230544e-45 1.2399999999999963e-44 7.708839086338252e-45 4.432085833830948e-45 1.892610529977963e-45 7.538308812927368e-46 2.5143518039660622e-46 1.1500000000000003e-46 7.881435998678005e-47 5.29952563073885e-47 1e-99 1e-99 1e-99 1e-99 1e-99 1e-99 1e-99 1e-99 1e-99 1e-99 1e-99 1e-99 1e-99
8.921795651224117e-47 5.967158974397493e-46 2.219613943657973e-45 5.726613230272885e-45 7.001000000000019e-45 5.860127597205285e-45 4.032080760453675e-45 2.9085292182785295e-45 3.213444248958576e-45 6.753697366727753e-45 1.2428444976944332e-44 7.748048555669527e-45 4.462085834085591e-45 1.917610537686073e-45 7.689308854665472e-46 2.5749395423569174e-46 1.1669999999999968e-46 7.926307903230857e-47 5.333525636015758e-47 1e-99 1e-99 1e-99 1e-99 1e-99 1e-99 1e-99 1e-99 1e-99 1e-99 1e-99 1e-99 1e-99
8.81788874935039e-47 5.913158837800295e-46 2.1986139298811836e-45 5.691613227581628e-45 7.014999999999946e-45 5.916691226136747e-45 4.0983873065852504e-45 2.963529219073428e-45 3.2649629127798734e-45 6.818313294089196e-45 1.245000000000005e-44 7.787048563395927e-45 4.492107281245121e-45 1.940610544602129e-45 7.837817591928914e-46 2.6343518390864415e-46 1.1834919578999841e-46 7.972307904036399e-47 5.366104814386473e-47 1e-99 1e-99 1e-99 1e-99 1e-99 1e-99 1e-99 1e-99 1e-99 1e-99 1e-99 1e-99 1e-99
8.716605370184369e-47 5.859158698682055e-46 2.176845133669911e-45 5.657335763571422e-45 7.025999999999987e-45 5.969909430419353e-45 4.1633873105404356e-45 3.018058357111669e-45 3.314962915086442e-45 6.880505367028597e-45 1.2478444979062003e-44 7.824443851143845e-45 4.5220858345847407e-45 1.9646105516462248e-45 7.985817642360985e-46 2.6953518557402465e-46 1.2000000000000008e-46 8.018435998944543e-47 5.398104817752061e-47 1e-99 1e-99 1e-99 1e-99 1e-99 1e-99 1e-99 1e-99 1e-99 1e-99 1e-99 1e-99 1e-99
8.613604339907995e-47 5.805158556972235e-46 2.155613900833238e-45 5.622613222178001e-45 7.034000000000045e-45 6.02112760343214e-45 4.228234066213132e-45 3.072058360013962e-45 3.36444426464889e-45 6.940697411307055e-45 1.2490000000000005e-44 7.859839105401501e-45 4.549128724540085e-45 1.987610558237164e-45 8.1328176906366e-46 2.755939619620105e-46 1.2170000000000006e-46 8.064871967575581e-47 5.430104821077955e-47 1e-99 1e-99 1e-99 1e-99 1e-99 1e-99 1e-99 1e-99 1e-99 1e-99 1e-99 1e-99 1e-99
8.513415096889561e-47 5.7514638124125326e-46 2.1348451135825218e-45 5.586613219305667e-45 7.040999999999942e-45 6.07069123930504e-45 4.29108079543908e-45 3.124999999999998e-45 3.4144442695385605e-45 6.998697424649483e-45 1.250844498032466e-44 7.893839109593364e-45 4.5771072823291685e-45 2.0111471724754448e-45 8.277817736576497e-46 2.815939643039736e-46 1.2334919621801664e-46 8.111435999120413e-47 5.460525655145429e-47 1e-99 1e-99 1e-99 1e-99 1e-99 1e-99 1e-99 1e-99 1e-99 1e-99 1e-99 1e-99 1e-99
8.41522587175155e-47 5.698769050075393e-46 2.1138451032392648e-45 5.552058250306753e-45 7.046000000000026e-45 6.116127606952675e-45 4.350387321259698e-45 3.177058365374832e-45 3.4634442741934204e-45 7.05569743754799e-45 1.2528444981163024e-44 7.92704859050509e-45 4.605085835253836e-45 2.0331471831791423e-45 8.42156341945671e-46 2.876527346094991e-46 1.2504919635574377e-46 8.158435999207695e-47 5.489946447320166e-47 1e-99 1e-99 1e-99 1e-99 1e-99 1e-99 1e-99 1e-99 1e-99 1e-99 1e-99 1e-99 1e-99
8.317036644162913e-47 5.646463543385033e-46 2.094613857577565e-45 5.516058244531227e-45 7.047999999999993e-45 6.161127608582368e-45 4.4103873245063053e-45 3.228529222523793e-45 3.5104442785362527e-45 7.110697449797709e-45 1.2538444981581409e-44 7.957839117386495e-45 4.631085835458497e-45 2.0546105765957924e-45 8.563817822631455e-46 2.936351914768211e-46 1.2669999999999926e-46 8.205435999294003e-47 5.520104830225293e-47 1e-99 1e-99 1e-99 1e-99 1e-99 1e-99 1e-99 1e-99 1e-99 1e-99 1e-99 1e-99 1e-99
8.219941553328974e-47 5.593463403749408e-46 2.073845082957768e-45 5.4786132104622886e-45 7.049615773806555e-45 6.202127610046587e-45 4.4672340867438924e-45 3.279529223123853e-45 3.5574442827643065e-45 7.163697461423958e-45 1.2548444981998847e-44 7.988048602019724e-45 4.6561072833012164e-45 2.07661058236562e-45 8.704817862977096e-46 2.9969397080066765e-46 1.2840000000000064e-46 8.253307908761863e-47 5.547946458690167e-47 1e-99 1e-99 1e-99 1e-99 1e-99 1e-99 1e-99 1e-99 1e-99 1e-99 1e-99 1e-99 1e-99
8.123846470104085e-47 5.540768662946911e-46 2.053076230890219e-45 5.4413357382456233e-45 7.047807897909534e-45 6.241127611421513e-45 4.5232340912405005e-45 3.328058372491248e-45 3.6044442868820616e-45 7.214697472450013e-45 1.2558444982415666e-44 8.015839124341614e-45 4.6810858358456975e-45 2.0976105877602433e-45 8.843326590399292e-46 3.0573519408950327e-46 1.3010000000000083e-46 8.300307909520943e-47 5.576525671856976e-47 1e-99 1e-99 1e-99 1e-99 1e-99 1e-99 1e-99 1e-99 1e-99 1e-99 1e-99 1e-99 1e-99
8.028657274786261e-47 5.488768530656574e-46 2.033613811724196e-45 5.405058226239087e-45 7.044000000000055e-45 6.277127612675533e-45 4.576387333044926e-45 3.376999999999979e-45 3.6504442908095687e-45 7.264697483109514e-45 1.2559999999999937e-44 8.042443884683256e-45 4.7041072838758735e-45 2.118073846007088e-45 8.98181793855118e-46 3.116351952898691e-46 1.3174919686394957e-46 8.348871969649853e-47 5.604525675787047e-47 1e-99 1e-99 1e-99 1e-99 1e-99 1e-99 1e-99 1e-99 1e-99 1e-99 1e-99 1e-99 1e-99
7.933750421214901e-47 5.43746297692733e-46 2.0146137968742478e-45 5.3670582198029665e-45 7.039807897896986e-45 6.312127613880938e-45 4.629234099453985e-45 3.425058376731718e-45 3.694444294474781e-45 7.31169749299644e-45 1.2568444982831962e-44 8.068048616856936e-45 4.727107284147102e-45 2.1376105977425497e-45 9.11781797397624e-46 3.176351964648358e-46 1.3344919698478073e-46 8.430307911576691e-47 5.718104849336027e-47 1e-99 1e-99 1e-99 1e-99 1e-99 1e-99 1e-99 1e-99 1e-99 1e-99 1e-99 1e-99 1e-99
7.841467157110714e-47 5.385073650926777e-46 1.9948450405101446e-45 5.3293357243052426e-45 7.033000000000043e-45 6.344345751562348e-45 4.680080840705023e-45 3.4725292252350556e-45 3.7384442980537234e-45 7.357697502550539e-45 1.2568444982831962e-44 8.092048621250865e-45 4.749107284404106e-45 2.1566106023543857e-45 9.251072377550268e-46 3.234939782366071e-46 1.3509999999999923e-46 8.444307911794283e-47 5.657104843590913e-47 1e-99 1e-99 1e-99 1e-99 1e-99 1e-99 1e-99 1e-99 1e-99 1e-99 1e-99 1e-99 1e-99
7.7492779937845675e-47 5.3337681210057395e-46 1.9756137654969038e-45 5.2910582066533284e-45 7.024615773649833e-45 6.37412761598392e-45 4.7283873403374024e-45 3.5180583805777406e-45 3.7814443014708797e-45 7.401313469837765e-45 1.2568444982831962e-44 8.114443895364592e-45 4.7701072846472204e-45 2.1766106071219943e-45 9.383818040296865e-46 3.294527538499658e-46 1.3679999999999901e-46 8.493307912550227e-47 5.682104845960407e-47 1e-99 1e-99 1e-99 1e-99 1e-99 1e-99 1e-99 1e-99 1e-99 1e-99 1e-99 1e-99 1e-99
7.658088836659665e-47 5.282073391135007e-46 1.9558450182895512e-45 5.2526131907794326e-45 7.01480789785772e-45 6.402127616920176e-45 4.7753873424983304e-45 3.5625292261413587e-45 3.8234443047342926e-45 7.443505511205267e-45 1.2568444982831962e-44 8.135443898444374e-45 4.7901287287151665e-45 2.194610611338531e-45 9.513818071360903e-46 3.3529398153182318e-46 1.3844919732296893e-46 8.54030791326721e-47 5.70710484830908e-47 1e-99 1e-99 1e-99 1e-99 1e-99 1e-99 1e-99 1e-99 1e-99 1e-99 1e-99 1e-99 1e-99
7.567993815276498e-47 5.232767840995424e-46 1.9366137328543697e-45 5.214335709368189e-45 7.002999999999993e-45 6.427345753124625e-45 4.82123411341123e-45 3.605058383995955e-45 3.864962936520475e-45 7.48369752811878e-45 1.2558444982415666e-44 8.154839140607254e-45 4.8101072851043434e-45 2.21261061548646e-45 9.641326846812871e-46 3.4113520066876614e-46 1.4014919743245662e-46 8.588307913991378e-47 5.732104850637268e-47 1e-99 1e-99 1e-99 1e-99 1e-99 1e-99 1e-99 1e-99 1e-99 1e-99 1e-99 1e-99 1e-99
7.477992906817329e-47 5.1813785189694716e-46 1.917844995768684e-45 5.1760581860212666e-45 6.989807897818139e-45 6.450345753550362e-45 4.8643873464757263e-45 3.648058385625236e-45 3.904962937843809e-45 7.520697535464076e-45 1.2549999999999955e-44 8.172839142673181e-45 4.8290858369447333e-45 2.2306106195674427e-45 9.767326883471419e-46 3.469939845778059e-46 1.4179837744649295e-46 8.637307914722308e-47 5.755525696322829e-47 1e-99 1e-99 1e-99 1e-99 1e-99 1e-99 1e-99 1e-99 1e-99 1e-99 1e-99 1e-99 1e-99
7.389803787817294e-47 5.1313783942304836e-46 1.899613700645451e-45 5.137058178814406e-45 6.974615773332965e-45 6.471345753936525e-45 4.906234119241236e-45 3.6895292273449964e-45 3.9454443138198876e-45 7.556697542541789e-45 1.2548444981998847e-44 8.189443906291294e-45 4.847085837073822e-45 2.2481472767552936e-45 9.892326918916672e-46 3.5275276259525074e-46 1.4344919763757943e-46 8.6847438306038095e-47 5.777946501530886e-47 1e-99 1e-99 1e-99 1e-99 1e-99 1e-99 1e-99 1e-99 1e-99 1e-99 1e-99 1e-99 1e-99
7.302614674144358e-47 5.082378269602042e-46 1.880076167148191e-45 5.0976131762708045e-45 6.957807897767049e-45 6.490563862468251e-45 4.946387350013643e-45 3.73152922772499e-45 3.9824443164653706e-45 7.591697549358469e-45 1.2538444981581409e-44 8.204443908452597e-45 4.8641072857095837e-45 2.2636106268806502e-45 1.0015089964863716e-45 3.584352034112548e-46 1.4509837824822178e-46 8.732307916116024e-47 5.801104856959e-47 1e-99 1e-99 1e-99 1e-99 1e-99 1e-99 1e-99 1e-99 1e-99 1e-99 1e-99 1e-99 1e-99
7.215613794895137e-47 5.032378139925114e-46 1.862076159835254e-45 5.058613172480237e-45 6.941615773121454e-45 6.508127620391911e-45 4.985234124481302e-45 3.770058390045463e-45 4.0209256347122157e-45 7.624697555728322e-45 1.2519999999999999e-44 8.218443910462768e-45 4.880085837308019e-45 2.2806106305654722e-45 1.0135090009687692e-45 3.642527664991339e-46 1.467491978334804e-46 8.78130791682311e-47 5.822104858853323e-47 1e-99 1e-99 1e-99 1e-99 1e-99 1e-99 1e-99 1e-99 1e-99 1e-99 1e-99 1e-99 1e-99
7.130424706656812e-47 4.982378007642044e-46 1.8438449492456652e-45 5.020058156521844e-45 6.921807897709082e-45 6.522345754863925e-45 5.021234126814473e-45 3.8090583913988217e-45 4.057444321679739e-45 7.655505559995684e-45 1.250844498032466e-44 8.230839149268383e-45 4.89608583742057e-45 2.295610633771456e-45 1.0252545951117818e-45 3.697939899596925e-46 1.4844919793099844e-46 8.828743834298103e-47 5.844104860823161e-47 1e-99 1e-99 1e-99 1e-99 1e-99 1e-99 1e-99 1e-99 1e-99 1e-99 1e-99 1e-99 1e-99
7.044423827252035e-47 4.93337787539972e-46 1.8258449373584558e-45 4.9796131646198356e-45 6.900807897674911e-45 6.536345755115918e-45 5.0570808779259795e-45 3.846529228723108e-45 4.09292564344973e-45 7.684505566460413e-45 1.2490000000000005e-44 8.241048647957028e-45 4.909128730625654e-45 2.3106106369357948e-45 1.0365090092701309e-45 3.754527700712641e-46 1.5000000000000003e-46 8.876307918171706e-47 5.86452571048961e-47 1e-99 1e-99 1e-99 1e-99 1e-99 1e-99 1e-99 1e-99 1e-99 1e-99 1e-99 1e-99 1e-99
6.9612347647445e-47 4.883988519869576e-46 1.8078449252343224e-45 4.941335671123353e-45 6.880615772724916e-45 6.547345755313238e-45 5.090080880921424e-45 3.882529229023387e-45 4.127406908195764e-45 7.710889551779018e-45 1.2478444979062003e-44 8.251048649714874e-45 4.923128730844396e-45 2.3256106400593223e-45 1.0482545971416587e-45 3.80993992367464e-46 1.5159837972530558e-46 8.924743836694759e-47 5.884104864367042e-47 1e-99 1e-99 1e-99 1e-99 1e-99 1e-99 1e-99 1e-99 1e-99 1e-99 1e-99 1e-99 1e-99
6.878139807449885e-47 4.835683026365602e-46 1.7900761291116944e-45 4.902058132960457e-45 6.856807897602784e-45 6.557345755491972e-45 5.1203873571454734e-45 3.9170583950058164e-45 4.161444328599319e-45 7.737505578149849e-45 1.2458444978217015e-44 8.258443916168466e-45 4.93708583770523e-45 2.339610642938463e-45 1.0592545980813244e-45 3.863939934784691e-46 1.5329838009095405e-46 8.971743837849324e-47 5.903525715431378e-47 1e-99 1e-99 1e-99 1e-99 1e-99 1e-99 1e-99 1e-99 1e-99 1e-99 1e-99 1e-99 1e-99
6.796044859434206e-47 4.786988286952605e-46 1.7720761210403978e-45 4.8623356592546385e-45 6.833615772414524e-45 6.564345755616786e-45 5.151387358365523e-45 3.951529229583701e-45 4.193444330659361e-45 7.760697581407562e-45 1.2438444977369166e-44 8.265443917161318e-45 4.9500858377945777e-45 2.3536106457833932e-45 1.0702545990016879e-45 3.919115491340584e-46 1.5490000000000043e-46 9.018743838992103e-47 5.923104867776245e-47 1e-99 1e-99 1e-99 1e-99 1e-99 1e-99 1e-99 1e-99 1e-99 1e-99 1e-99 1e-99 1e-99
6.714949920823352e-47 4.739988170663034e-46 1.7540761128032864e-45 4.822335653096882e-45 6.808423624168138e-45 6.569563863100243e-45 5.1792341366708465e-45 3.9835292298369424e-45 4.224962947528302e-45 7.782697585477259e-45 1.241000000000003e-44 8.270839153762918e-45 4.961085837869804e-45 2.3671473212400757e-45 1.0805090241668519e-45 3.97193995609846e-46 1.5644919836146e-46 9.065743840122768e-47 5.941104869334627e-47 1e-99 1e-99 1e-99 1e-99 1e-99 1e-99 1e-99 1e-99 1e-99 1e-99 1e-99 1e-99 1e-99
6.633854981311683e-47 4.691682638328555e-46 1.7378448756949425e-45 4.783058108021543e-45 6.78180789747754e-45 6.574345755794574e-45 5.205387360455957e-45 4.015529230086129e-45 4.25544433456258e-45 7.802505592269112e-45 1.238844497523767e-44 8.274839154209947e-45 4.970128731569572e-45 2.3791473254788826e-45 1.0912546007072196e-45 4.025115531235261e-46 1.5799838106091893e-46 9.112743841241936e-47 5.959104870883593e-47 1e-99 1e-99 1e-99 1e-99 1e-99 1e-99 1e-99 1e-99 1e-99 1e-99 1e-99 1e-99 1e-99
6.554665963448183e-47 4.644682506462401e-46 1.7198448623037796e-45 4.743335640630073e-45 6.754615771883122e-45 6.576563863155475e-45 5.2313873614470954e-45 4.045529230316151e-45 4.285962949210255e-45 7.821697592635193e-45 1.2360000000000028e-44 8.27783915454492e-45 4.980128731722093e-45 2.3921473300229807e-45 1.1015090308573402e-45 4.078115550404703e-46 1.5964919852156377e-46 9.159307922023428e-47 5.975525724385138e-47 1e-99 1e-99 1e-99 1e-99 1e-99 1e-99 1e-99 1e-99 1e-99 1e-99 1e-99 1e-99 1e-99
6.475665141592377e-47 4.5976823718965375e-46 1.7030760885185265e-45 4.704058090768304e-45 6.72642362291723e-45 6.576563863155475e-45 5.253387362278108e-45 4.076058399968232e-45 4.313444338112391e-45 7.83850559998814e-45 1.2330000000000083e-44 8.279443919141896e-45 4.990107287071012e-45 2.4036106556731902e-45 1.1115090339544937e-45 4.129939985271175e-46 1.6114919859442494e-46 9.205743843422761e-47 5.99210487369916e-47 1e-99 1e-99 1e-99 1e-99 1e-99 1e-99 1e-99 1e-99 1e-99 1e-99 1e-99 1e-99 1e-99
6.398476149150961e-47 4.550987678748499e-46 1.6860760800968234e-45 4.664335627740664e-45 6.697423622467543e-45 6.575781944541171e-45 5.276234142429321e-45 4.1040584008022464e-45 4.3414443397921184e-45 7.85350560318352e-45 1.2308444971791184e-44 8.280839154879648e-45 4.998085838120271e-45 2.414610657793966e-45 1.121254603032894e-45 4.181527819342433e-46 1.6269838197484392e-46 9.251179739143089e-47 6.009104875137544e-47 1e-99 1e-99 1e-99 1e-99 1e-99 1e-99 1e-99 1e-99 1e-99 1e-99 1e-99 1e-99 1e-99
6.320381241054016e-47 4.5032929558022235e-46 1.6696134683680305e-45 4.623613125864865e-45 6.666615771276506e-45 6.57278194453521e-45 5.2963873638823303e-45 4.131529230957152e-45 4.367444341332599e-45 7.865889575768255e-45 1.2270000000000006e-44 8.279443919141896e-45 5.005128732100718e-45 2.425610659895531e-45 1.1305090396882087e-45 4.2321156033797075e-46 1.6424919874078577e-46 9.296743845514218e-47 6.024104876399941e-47 1e-99 1e-99 1e-99 1e-99 1e-99 1e-99 1e-99 1e-99 1e-99 1e-99 1e-99 1e-99 1e-99
6.244192252873697e-47 4.458292840667993e-46 1.6518448090781702e-45 4.5850580636563954e-45 6.634807897224045e-45 6.568781944527343e-45 5.314387364546144e-45 4.1580584023791276e-45 4.3939629520737156e-45 7.878505608482139e-45 1.224000000000007e-44 8.276443918718093e-45 5.012107287301682e-45 2.4356106617895354e-45 1.1395090423374737e-45 4.282115619759773e-46 1.6574919880964185e-46 9.34274384655609e-47 6.039525732164885e-47 1e-99 1e-99 1e-99 1e-99 1e-99 1e-99 1e-99 1e-99 1e-99 1e-99 1e-99 1e-99 1e-99
6.168191464851751e-47 4.4122927205447554e-46 1.635076053780155e-45 4.544613116441332e-45 6.603615770832202e-45 6.562781944515457e-45 5.3323873652055334e-45 4.183058403095314e-45 4.4174443442440814e-45 7.888697604767044e-45 1.2208444967419448e-44 8.273839154098097e-45 5.0171287322811106e-45 2.4461473483813656e-45 1.1485090449452626e-45 4.330115635128783e-46 1.6724919887725975e-46 9.38674384754309e-47 6.053104878822903e-47 1e-99 1e-99 1e-99 1e-99 1e-99 1e-99 1e-99 1e-99 1e-99 1e-99 1e-99 1e-99 1e-99
6.093096586504988e-47 4.366292597887183e-46 1.6200760457243506e-45 4.506058044866507e-45 6.571423620467459e-45 6.556345755474105e-45 5.348234146568493e-45 4.206529231494771e-45 4.4414443456183685e-45 7.896889580453123e-45 1.2170000000000008e-44 8.269839153650974e-45 5.023128732371068e-45 2.4546106653456847e-45 1.1575090475124982e-45 4.379115650470292e-46 1.6869999999999899e-46 9.431743848542846e-47 6.0671048799843505e-47 1e-99 1e-99 1e-99 1e-99 1e-99 1e-99 1e-99 1e-99 1e-99 1e-99 1e-99 1e-99 1e-99
6.019907635514265e-47 4.3209870219935935e-46 1.603076036412032e-45 4.466335593431462e-45 6.53842361993085e-45 6.547345755313238e-45 5.361693731527893e-45 4.228529231648867e-45 4.4639256840043614e-45 7.904697607633664e-45 1.213844496431663e-44 8.262839152867383e-45 5.027128732430823e-45 2.464610667195336e-45 1.166254606297138e-45 4.426527877073902e-46 1.7019838332870053e-46 9.475743849511269e-47 6.080683985050939e-47 1e-99 1e-99 1e-99 1e-99 1e-99 1e-99 1e-99 1e-99 1e-99 1e-99 1e-99 1e-99 1e-99
