10 32 
1500.0 2250.0 3000.0 4000.0 5000.0 6000.0 7000.0 8000.0 9000.0 10000.0
124.09543041710634 358.69565217391306 730.7692307692307 1255.7227335590633 1732.807908920101 2094.2180424939042 2452.153110047847 2836.4707388910238 3193.4815328548557 3668.8082516799795 4300.155449469725 4779.394990190263 5288.978532068177 5952.462959606975 6478.745312344714 7099.411856294041 7936.5079365079355 8722.56398572188 9520.578923563999 10183.457711442787 10702.838827838827 11308.458982877586 12183.380239964448 13080.836147565511 14118.816803380561 15577.342047930284 16911.193381781617 18842.268842268844 22601.0101010101 26505.602240896354 29878.61811391223 40873.01587301587

1.2688009958889273e-45 7.484772288452671e-45 1.2499999999999996e-44 7.96904841014026e-45 3.587343578513056e-45 1.7851270652891528e-45 8.65039496119552e-46 3.923232056559323e-46 1.8840728084434487e-46 7.175682361565339e-47 2.0493776891741493e-47 8.216071874131255e-48 3.1771286887188244e-48 9.692125979563474e-49 3.8985272499409216e-49 1.3791759360833612e-49 3.5799511242912036e-50 1.0608715650388117e-50 3.224104437222784e-51 1.2320841741641151e-51 5.990288655512224e-52 1e-99 1e-99 1e-99 1e-99 1e-99 1e-99 1e-99 1e-99 1e-99 1e-99 1e-99
1.1587057787781708e-45 7.542551715238699e-45 1.5647691740338654e-44 1.357554237789262e-44 7.863111808492295e-45 4.64047280185446e-45 2.621387163807744e-45 1.382058161657402e-45 7.538737274397802e-46 3.3571496595703558e-46 1.1586888742712612e-46 5.278443254278446e-47 2.327085799588834e-47 8.295978992473966e-48 3.75227280619572e-48 1.5141759674117642e-48 4.649951413457498e-49 1.6008717213741061e-49 5.62994647436531e-50 2.419626404017536e-50 1.2841611195399985e-50 1e-99 1e-99 1e-99 1e-99 1e-99 1e-99 1e-99 1e-99 1e-99 1e-99 1e-99
1.0756108181949002e-45 7.394246192858289e-45 1.7407691797712588e-44 1.8322772117665517e-44 1.2521920291320295e-44 8.292600288036577e-45 5.210927619634449e-45 3.0536452856177314e-45 1.825554786000244e-45 9.101682808818213e-46 3.608222297549936e-46 1.8072097551123397e-46 8.7742788809978e-47 3.512684317152262e-47 1.7335091563901894e-47 7.708879865705408e-48 2.681967508446827e-48 1.0308715515519509e-48 4.035683822563189e-49 1.89108431459153e-49 1.0691611089627612e-49 1e-99 1e-99 1e-99 1e-99 1e-99 1e-99 1e-99 1e-99 1e-99 1e-99 1e-99
9.916064338747579e-46 7.12094031305262e-45 1.8663072640407564e-44 2.327277223394022e-44 1.8491920491270595e-44 1.3647818950246903e-44 9.49146821611521e-45 6.159232794391665e-45 4.025591560477657e-45 2.2425749341428828e-45 1.0188444860728754e-45 5.61623402600177e-46 3.0020858157949237e-46 1.3510737127141134e-46 7.279036667049933e-47 3.572352032295976e-47 1.4094919748306298e-47 6.059615355270783e-48 2.643262814351661e-48 1.3515421967280328e-48 8.144127798576516e-49 1e-99 1e-99 1e-99 1e-99 1e-99 1e-99 1e-99 1e-99 1e-99 1e-99 1e-99
9.260928414482746e-46 6.836939638910123e-45 1.9225382768023664e-44 2.694999999999981e-44 2.3821920585121293e-44 1.9005637355207764e-44 1.4226935975014037e-44 9.948762335716091e-45 6.946628389474266e-45 4.2057666985983085e-45 2.1176889770178766e-45 1.2546049145607796e-45 7.213150204214943e-46 3.548147600959965e-46 2.0445091896805634e-46 1.0815880317146177e-46 4.700967828635024e-47 2.201871805212853e-47 1.0444209597462148e-47 5.70471089888487e-48 3.612483348136058e-48 1e-99 1e-99 1e-99 1e-99 1e-99 1e-99 1e-99 1e-99 1e-99 1e-99 1e-99
8.72707600741648e-46 6.567244342297029e-45 1.9423072808075957e-44 2.966722699782777e-44 2.84119206377275e-44 2.404781922050335e-44 1.904693643682542e-44 1.4115291728533885e-44 1.0379999999999997e-44 6.70715007415023e-45 3.6615334901817555e-45 2.29620981144855e-45 1.3990214604274782e-45 7.386758458076679e-46 4.488272909808391e-46 2.5221760953133095e-46 1.1834919578999841e-46 5.93617955361622e-47 3.0068419907390933e-47 1.7330842906565467e-47 1.1411611129485973e-47 1e-99 1e-99 1e-99 1e-99 1e-99 1e-99 1e-99 1e-99 1e-99 1e-99 1e-99
8.276506724166982e-46 6.31824369010073e-45 1.9413072805955114e-44 3.167722701926151e-44 3.2301920670608025e-44 2.8655637959817256e-44 2.373846862635177e-44 1.8440582519940594e-44 1.4135183788324233e-44 9.627533471610369e-45 5.613222460175338e-45 3.688814737872007e-45 2.3560429180408102e-45 1.318073703498179e-45 8.365782257827487e-46 4.93735218229969e-46 2.466983924360333e-46 1.3084359203148757e-46 7.001104946975897e-47 4.215626600705723e-47 2.868322250083878e-47 1e-99 1e-99 1e-99 1e-99 1e-99 1e-99 1e-99 1e-99 1e-99 1e-99 1e-99
7.88893811388788e-46 6.08854848651471e-45 1.9273072776031244e-44 3.3157227033382263e-44 3.5580000000000273e-44 3.278781931502592e-44 2.818846866948315e-44 2.2760583032847675e-44 1.8055183980064595e-44 1.2851916880444296e-44 7.915067004516849e-45 5.409419685784883e-45 3.5930643774999674e-45 2.110536981490027e-45 1.389254619353501e-45 8.545116311366854e-46 4.4999678096368565e-46 2.5024359651464822e-46 1.4014209894697113e-46 8.7512532207898695e-47 6.117644511902439e-47 1e-99 1e-99 1e-99 1e-99 1e-99 1e-99 1e-99 1e-99 1e-99 1e-99 1e-99
7.54937002109281e-46 5.87685333186429e-45 1.906076177467267e-44 3.42444535006299e-44 3.83199999999999e-44 3.645781934120466e-44 3.2338468699008253e-44 2.697058337460384e-44 2.2025184104687058e-44 1.6271917007098222e-44 1.0498444879770146e-44 7.420024646429602e-45 5.098085838779212e-45 3.1210739214589105e-45 2.119509196247138e-45 1.3505880540221475e-45 7.437459897398809e-46 4.304307785763882e-46 2.5048419582484855e-46 1.6145422116870292e-46 1.154999999999992e-46 1e-99 1e-99 1e-99 1e-99 1e-99 1e-99 1e-99 1e-99 1e-99 1e-99 1e-99
7.246990472704726e-46 5.682158224120555e-45 1.880076167148191e-44 3.50144535263757e-44 4.0608078898096966e-44 3.9700000000000093e-44 3.6158468720194494e-44 3.1005292209308323e-44 2.5965184190689745e-44 1.9803833401888975e-44 1.3308445011893127e-44 9.678234463658075e-45 6.846107301321171e-45 4.344610863649898e-45 3.0315092501050025e-45 1.990588082858376e-45 1.1394919538227017e-45 6.82674376895924e-46 4.107842034192414e-46 2.718542242904661e-46 1.984161138100194e-46 1e-99 1e-99 1e-99 1e-99 1e-99 1e-99 1e-99 1e-99 1e-99 1e-99 1e-99
