1801026.1817735543
1895703.3543333313
2962693.841004899
11860263.253413819
9263258.90362721
4276558.445426323
5867304.9199259225
5560118.487328658
2710608.574004761
4341078.620393647
2540762.7667550137
2289284.249808382
1750283.3930062053
3318603.5533855013
2783295.0226897006
3040623.1362993964
2902421.5432219757
1248985.5906211417
1912754.1800206497
1660948.049807828
722078.6523590267
1117714.5748479997
890399.8386698824
323881.3307427555
358138.64156772284
241641.30100894626
177391.88619335712
129508.3296241211
115366.58899896118
32036.2492082625
4882.408357956025
434.7368258806895
