85305.65014715324
267327.90280797
311863.3479366562
2565557.679945249
2435618.2426266633
1506136.1425395017
2204054.415073857
2270830.2512118057
1196086.202965418
2015833.727901896
1209716.3175417085
1113415.6768089808
931641.3760479686
1757361.3282346467
1532828.0883700333
1807261.5053413825
1894377.3393859062
926429.4554682701
1474771.2578772206
1304190.5413068943
566013.3417233983
843570.4346753563
682751.8947866353
256283.19447153332
279074.0386433055
186457.92235330679
129968.63493871648
97884.17304510273
88574.6801406024
24592.415896597573
3749.6770399925485
548.5141405742736
