380296.2682435852
731293.3753028662
852593.6617170699
5383281.5889755385
4991913.899511515
2667494.9206654183
3694243.2655265857
3682571.1551224864
1917792.658765348
3126678.7395589077
1850196.4645721014
1666972.762541851
1364939.034733719
2508476.8720003567
2120996.1844110806
2417554.7210780866
2397227.892296067
1103249.9073295763
1700249.61111249
1486321.6540650118
650870.5394685799
976507.2268627359
789012.1504898098
295186.1066904397
321447.83054386824
214865.5933164356
154060.66708388616
113878.57048922645
102614.80145722274
28602.501313233795
4377.810274127636
420.4014631630428
