0.00031986894070483397
17.296105793884863
102389.7526922221
224607.81025566495
317046.6566311208
2521405.879974917
2585869.9855251755
1425246.890079455
2090116.5105101578
2131961.984004856
1132600.5867800454
1895784.1496926807
1163525.600734411
1057345.4606578485
839577.7380728638
1697990.3606764346
1457116.4252181763
1746518.7676301324
1851874.039139445
875761.9534835456
1424873.44517256
1252763.7022625788
545619.7597656973
821700.8525486013
663368.6325171923
246782.902175866
273523.23647119274
183408.823605645
127366.98540577073
96453.02679385027
88415.61400518725
24536.514278424405
3743.3685760134367
333.574355301882
