7.211566661131777
11297.40725196227
1727460.7837545509
1818270.736640811
2841678.5254988535
11375814.445463482
8884888.319626397
4101876.5183265684
5627646.759427578
5333007.780281435
2599890.0288562286
4163761.277773695
2436981.8078218484
2195775.2776900833
1678790.6541689737
3183050.614875927
2669607.4993096422
2916424.6912621446
2783868.132834686
1197969.0518146022
1834625.0978397536
1593104.3362574363
692584.3540532088
1072059.981704127
854030.2293934072
310651.9511545297
343509.97487784165
231771.12884462625
170146.0699774567
124218.38330796441
110654.28158017294
30727.684431196907
4682.979655708817
416.979400723251
