23.20866700085838
42169.807756107744
3661561.8103572554
3289135.080398784
3464131.2109239725
14514157.777456833
10735198.567619836
4914484.41645257
6716429.357535191
6302754.315911199
3048864.626782535
4874364.635022302
2774526.402114929
2479558.7012012755
1900469.4413173473
3585923.9827849083
2980605.5222604377
3229091.750177507
3073950.963727702
1325071.4209805422
1990862.407245025
1717360.714027867
745481.128254961
1152301.243157155
913230.7954715986
328863.88410518144
363675.21548132965
244665.70703630772
180111.79315695382
130843.18919360123
115953.99603736219
32089.05368595099
4881.302179587497
433.6177200985933
