3657583.481011332
3747440.9016233156
4571263.369110778
15916547.48317574
11418724.302019175
5399050.946155671
7232235.194591163
6803187.871818666
3336765.3481021887
5316903.062982429
2994187.854471909
2673160.6095311656
2154249.457485019
3818903.656574555
3168761.08042135
3415609.0110625746
3221839.009540056
1418656.0476509824
2089304.9072136448
1817243.6716359165
787087.1808751124
1192985.952206742
946610.9073229395
349171.5411140349
378398.2966485386
253096.11050706127
187070.81395612235
134759.88489053457
118759.54662284795
32909.57600575464
5006.510623818992
614.8655581333717
